94,4
94,3
94,2
94,1
94,0
93,3
93,2
93,1
93,0
92,6
92,5
92,4
14,16
92,3
92,2
92,1
92,0
91,5
91,4
91,3
91,2
91,1
91,0
90,3
90,2
90,1
90,0
89,6
89,5
89,4
89,3
89,2
89,1
89,0
88,6
88,5
88,4
88,3
88,2
88,1
88,0
87,8
87,7
87,6
87,5
87,4
87,3
87,2
87,1
87,0
86,5
86,4
86,3
86,2
86,1
86,0
85,8
85,7
85,6
85,5
85,4
85,3
85,2
85,1
85,0
84,4
14,15
84,3
84,2
84,1
84,0
83,7
83,6
83,5
83,4
83,3
83,2
83,1
83,0
82,7
82,6
82,5
82,4
82,3
82,2
82,1
82,0
81,6
81,5
81,4
81,3
81,2
81,1
81,0
80,5
80,4
80,3
80,2
80,1
80,0
79,7
79,6
79,5
79,4
79,3
79,2
79,1
79,0
78,7
78,6
78,5
78,4
78,3
78,2
78,1
78,0
77,5
14,14
77,4
77,3
77,2
77,1
77,0
76,6
76,5
76,4
76,3
76,2
76,1
76,0
75,5
75,4
75,3
75,2
75,1
75,0
74,11
74,10
74,9
74,8
14,13
74,7
74,6
74,5
74,4
74,3
74,2
74,1
74,0
73,5
73,4
73,3
73,2
73,1
73,0
72,4
72,3
72,2
72,1
72,0
71,4
71,3
71,2
71,1
71,0
70,7
70,6
70,5
70,4
70,3
70,2
70,1
70,0
69,5
69,4
69,3
69,2
69,1
69,0
68,5
68,4
68,3
68,2
68,1
68,0
67,10
67,9
67,8
67,7
67,6
67,5
67,4
67,3
67,2
67,1
67,0
66,4
66,3
66,2
66,1
66,0
65,5
65,4
65,3
65,2
65,1
65,0
64,4
64,3
64,2
64,1
64,0
63,5
63,4
63,3
63,2
63,1
63,0
62,5
62,4
62,3
62,2
62,1
62,0
61,5
61,4
61,3
61,2
61,1
61,0
60,3
60,2
60,1
60,0
59,5
59,4
59,3
59,2
59,1
59,0
58,6
58,5
58,4
58,3
58,2
58,1
58,0
57,6
57,5
14,12
57,4
57,3
57,2
57,1
57,0
56,4
56,3
56,2
56,1
56,0
55,12
55,11
55,10
14,11
55,9
55,8
